0
0
0
0
0
0
0
0
0
0
0
0
0
0
0
0
0
0
0
0
0
0
0
9
12
12
12
12
12
12
12
12
12
12
12
12
10
0
0
0
0
0
0
15
18
14
14
14
14
14
14
14
14
14
14
14
11
0
0
0
0
0
0
15
13
0
0
4
2
2
2
2
2
2
2
2
2
2
2
2
0
0
0
15
13
0
0
3
9
10
0
0
9
10
0
0
9
10
0
0
0
0
0
15
17
12
10
3
15
13
0
0
15
13
0
0
15
13
0
0
0
0
0
15
1
1
13
3
15
17
12
12
16
17
12
12
16
13
0
0
0
0
0
8
14
14
11
3
8
14
14
14
14
14
14
14
14
11
0
0
0
0
0
0
0
0
0
7
2
2
2
2
2
2
2
2
5
0
0
0
0
0
0
0
9
12
12
10
0
0
0
0
0
0
0
0
3
0
0
0
0
0
0
9
16
14
14
11
4
2
2
2
2
2
2
2
6
0
0
0
0
0
0
15
13
0
0
0
3
9
10
0
0
0
9
12
12
10
0
0
0
0
0
15
13
0
0
0
3
15
13
0
0
0
8
14
14
11
0
0
0
0
0
8
17
12
12
10
3
15
17
12
10
0
0
0
0
0
0
0
0
0
0
0
8
14
14
11
3
8
19
1
13
0
0
0
0
0
0
0
0
0
4
2
2
2
2
2
6
0
15
1
17
10
0
0
0
0
0
0
0
0
3
0
0
0
0
0
0
0
8
14
19
13
0
0
0
0
0
0
0
0
3
0
0
0
0
0
0
0
0
0
15
13
0
0
0
0
0
0
0
0
3
9
12
12
12
12
12
12
12
12
16
13
0
0
0
0
0
0
2
2
6
8
14
14
14
14
14
14
14
14
14
11
0
0
0
0
0
0
0
19
19
3
